helmet 0 0 0 153 147 167 173 0 0 0 0 0 0 0
helmet 0 0 0 31 157 43 176 0 0 0 0 0 0 0
helmet 0 0 0 10 150 20 164 0 0 0 0 0 0 0
helmet 0 0 0 18 156 28 175 0 0 0 0 0 0 0
helmet 0 0 0 59 155 68 173 0 0 0 0 0 0 0
helmet 0 0 0 73 151 83 170 0 0 0 0 0 0 0
helmet 0 0 0 82 157 96 180 0 0 0 0 0 0 0
helmet 0 0 0 106 148 119 170 0 0 0 0 0 0 0
helmet 0 0 0 142 156 153 176 0 0 0 0 0 0 0
helmet 0 0 0 136 152 144 170 0 0 0 0 0 0 0
helmet 0 0 0 176 151 186 169 0 0 0 0 0 0 0
helmet 0 0 0 187 150 197 170 0 0 0 0 0 0 0
helmet 0 0 0 198 155 210 176 0 0 0 0 0 0 0
head 0 0 0 255 166 275 193 0 0 0 0 0 0 0
helmet 0 0 0 220 148 234 169 0 0 0 0 0 0 0
helmet 0 0 0 250 148 260 166 0 0 0 0 0 0 0
helmet 0 0 0 268 148 282 171 0 0 0 0 0 0 0
