helmet 0 0 0 0 80 13 129 0 0 0 0 0 0 0
head 0 0 0 131 111 155 153 0 0 0 0 0 0 0
head 0 0 0 91 116 113 158 0 0 0 0 0 0 0
head 0 0 0 173 119 196 167 0 0 0 0 0 0 0
head 0 0 0 192 132 209 168 0 0 0 0 0 0 0
head 0 0 0 145 91 162 121 0 0 0 0 0 0 0
head 0 0 0 115 88 131 119 0 0 0 0 0 0 0
head 0 0 0 262 101 276 129 0 0 0 0 0 0 0
head 0 0 0 222 95 237 125 0 0 0 0 0 0 0
head 0 0 0 219 80 232 105 0 0 0 0 0 0 0
head 0 0 0 90 100 109 128 0 0 0 0 0 0 0
head 0 0 0 235 105 247 135 0 0 0 0 0 0 0
head 0 0 0 236 86 249 109 0 0 0 0 0 0 0
head 0 0 0 125 108 138 137 0 0 0 0 0 0 0
head 0 0 0 257 95 267 118 0 0 0 0 0 0 0
head 0 0 0 277 88 283 114 0 0 0 0 0 0 0
