helmet 0 0 0 1 99 18 128 0 0 0 0 0 0 0
head 0 0 0 260 112 283 156 0 0 0 0 0 0 0
head 0 0 0 56 106 73 133 0 0 0 0 0 0 0
head 0 0 0 150 99 164 125 0 0 0 0 0 0 0
head 0 0 0 126 101 142 121 0 0 0 0 0 0 0
head 0 0 0 85 96 99 122 0 0 0 0 0 0 0
head 0 0 0 36 96 49 116 0 0 0 0 0 0 0
helmet 0 0 0 70 90 81 109 0 0 0 0 0 0 0
head 0 0 0 69 101 79 118 0 0 0 0 0 0 0
head 0 0 0 107 96 118 117 0 0 0 0 0 0 0
head 0 0 0 122 93 132 115 0 0 0 0 0 0 0
head 0 0 0 170 95 184 116 0 0 0 0 0 0 0
head 0 0 0 142 93 151 109 0 0 0 0 0 0 0
