helmet 0 0 0 53 62 105 118 0 0 0 0 0 0 0
helmet 0 0 0 0 58 28 115 0 0 0 0 0 0 0
helmet 0 0 0 166 59 221 116 0 0 0 0 0 0 0
helmet 0 0 0 104 52 157 99 0 0 0 0 0 0 0
helmet 0 0 0 36 38 80 87 0 0 0 0 0 0 0
helmet 0 0 0 143 35 186 76 0 0 0 0 0 0 0
helmet 0 0 0 205 36 251 94 0 0 0 0 0 0 0
helmet 0 0 0 17 41 53 82 0 0 0 0 0 0 0
helmet 0 0 0 0 30 24 62 0 0 0 0 0 0 0
helmet 0 0 0 103 23 140 57 0 0 0 0 0 0 0
helmet 0 0 0 242 41 270 86 0 0 0 0 0 0 0
helmet 0 0 0 53 27 89 58 0 0 0 0 0 0 0
helmet 0 0 0 195 5 224 25 0 0 0 0 0 0 0
helmet 0 0 0 221 13 253 43 0 0 0 0 0 0 0
helmet 0 0 0 260 32 283 78 0 0 0 0 0 0 0
helmet 0 0 0 92 7 119 35 0 0 0 0 0 0 0
helmet 0 0 0 75 20 102 51 0 0 0 0 0 0 0
