head 0 0 0 248 103 276 140 0 0 0 0 0 0 0
head 0 0 0 72 95 89 126 0 0 0 0 0 0 0
head 0 0 0 218 104 238 136 0 0 0 0 0 0 0
head 0 0 0 156 101 171 126 0 0 0 0 0 0 0
head 0 0 0 268 82 282 121 0 0 0 0 0 0 0
helmet 0 0 0 89 101 98 125 0 0 0 0 0 0 0
helmet 0 0 0 109 109 118 126 0 0 0 0 0 0 0
helmet 0 0 0 145 112 155 129 0 0 0 0 0 0 0
head 0 0 0 122 114 131 132 0 0 0 0 0 0 0
head 0 0 0 98 114 107 133 0 0 0 0 0 0 0
head 0 0 0 173 110 187 138 0 0 0 0 0 0 0
head 0 0 0 186 110 194 127 0 0 0 0 0 0 0
head 0 0 0 203 113 215 132 0 0 0 0 0 0 0
